2026-09-11 1033 446287500 446287813
2026-09-11 1033 446283000 446287499
2026-09-11 1033 446278500 446282999
2026-09-11 1033 446274000 446278499
2026-09-11 1033 446269500 446273999
2026-09-11 1033 446265000 446269499
2026-09-11 1033 446260500 446264999
2026-09-11 1033 446256000 446260499
2026-09-11 1032 446251500 446255999
2026-09-11 1032 446247000 446251499
2026-09-11 1032 446242500 446246999
2026-09-11 1032 446238000 446242499
2026-09-11 1032 446233500 446237999
2026-09-11 1032 446229000 446233499
2026-09-11 1032 446224500 446228999
2026-09-11 1032 446220000 446224499
2026-09-11 1032 446215500 446219999
2026-09-11 1032 446211000 446215499
2026-09-11 1032 446206500 446210999
2026-09-11 1032 446202000 446206499
2026-09-11 1032 446197500 446201999
2026-09-11 1032 446193000 446197499
2026-09-11 1032 446188500 446192999
2026-09-11 1032 446184000 446188499
2026-09-11 1032 446179500 446183999
2026-09-11 1032 446175000 446179499
2026-09-11 1032 446170500 446174999
2026-09-11 1032 446166000 446170499
2026-09-11 1032 446161500 446165999
2026-09-11 1032 446157000 446161499
2026-09-11 1032 446152500 446156999
2026-09-11 1032 446148000 446152499
2026-09-11 1032 446143500 446147999
2026-09-11 1032 446139000 446143499
2026-09-11 1032 446134500 446138999
2026-09-11 1032 446130000 446134499
2026-09-11 1032 446125500 446129999
2026-09-11 1032 446121000 446125499
2026-09-11 1032 446116500 446120999
2026-09-11 1032 446112000 446116499
2026-09-11 1032 446107500 446111999
2026-09-11 1032 446103000 446107499
2026-09-11 1032 446098500 446102999
2026-09-11 1032 446094000 446098499
2026-09-11 1032 446089500 446093999
2026-09-11 1032 446085000 446089499
2026-09-11 1032 446080500 446084999
2026-09-11 1032 446076000 446080499
2026-09-11 1032 446071500 446075999
2026-09-11 1032 446067000 446071499
2026-09-11 1032 446062500 446066999
2026-09-11 1032 446058000 446062499
2026-09-11 1032 446053500 446057999
2026-09-11 1032 446049000 446053499
2026-09-11 1032 446044500 446048999
2026-09-11 1032 446040000 446044499
2026-09-11 1032 446035500 446039999
2026-09-11 1032 446031000 446035499
2026-09-11 1032 446026500 446030999
2026-09-11 1032 446022000 446026499
2026-09-11 1032 446017500 446021999
2026-09-11 1032 446013000 446017499
2026-09-10 1032 446008500 446012999
2026-09-10 1032 446004000 446008499
2026-09-10 1032 445999500 446003999
2026-09-10 1032 445995000 445999499
2026-09-10 1032 445990500 445994999
2026-09-10 1032 445986000 445990499
2026-09-10 1032 445981500 445985999
2026-09-10 1032 445977000 445981499
2026-09-10 1032 445972500 445976999
2026-09-10 1032 445968000 445972499
2026-09-10 1032 445963500 445967999
2026-09-10 1032 445959000 445963499
2026-09-10 1032 445954500 445958999
2026-09-10 1032 445950000 445954499
2026-09-10 1032 445945500 445949999
2026-09-10 1032 445941000 445945499
2026-09-10 1032 445936500 445940999
2026-09-10 1032 445932000 445936499
2026-09-10 1032 445927500 445931999
2026-09-10 1032 445923000 445927499
2026-09-10 1032 445918500 445922999
2026-09-10 1032 445914000 445918499
2026-09-10 1032 445909500 445913999
2026-09-10 1032 445905000 445909499
2026-09-10 1032 445900500 445904999
2026-09-10 1032 445896000 445900499
2026-09-10 1032 445891500 445895999
2026-09-10 1032 445887000 445891499
2026-09-10 1032 445882500 445886999
2026-09-10 1032 445878000 445882499
2026-09-10 1032 445873500 445877999
2026-09-10 1032 445869000 445873499
2026-09-10 1032 445864500 445868999
2026-09-10 1032 445860000 445864499
2026-09-10 1032 445855500 445859999
2026-09-10 1032 445851000 445855499
2026-09-10 1032 445846500 445850999
2026-09-10 1032 445842000 445846499
2026-09-10 1032 445837500 445841999
2026-09-10 1032 445833000 445837499
2026-09-10 1032 445828500 445832999
2026-09-10 1032 445824000 445828499
2026-09-10 1031 445819500 445823999
2026-09-10 1031 445815000 445819499
2026-09-10 1031 445810500 445814999
2026-09-10 1031 445806000 445810499
2026-09-10 1031 445801500 445805999
2026-09-10 1031 445797000 445801499
2026-09-10 1031 445792500 445796999
2026-09-10 1031 445788000 445792499
2026-09-10 1031 445783500 445787999
2026-09-10 1031 445779000 445783499
2026-09-10 1031 445774500 445778999
2026-09-10 1031 445770000 445774499
2026-09-10 1031 445765500 445769999
2026-09-10 1031 445761000 445765499
2026-09-10 1031 445756500 445760999
2026-09-10 1031 445752000 445756499
2026-09-10 1031 445747500 445751999
2026-09-10 1031 445743000 445747499
2026-09-10 1031 445738500 445742999
