2026-09-09 1031 445734000 445738499
2026-09-09 1031 445729500 445733999
2026-09-09 1031 445725000 445729499
2026-09-09 1031 445720500 445724999
2026-09-09 1031 445716000 445720499
2026-09-09 1031 445711500 445715999
2026-09-09 1031 445707000 445711499
2026-09-09 1031 445702500 445706999
2026-09-09 1031 445698000 445702499
2026-09-09 1031 445693500 445697999
2026-09-09 1031 445689000 445693499
2026-09-09 1031 445684500 445688999
2026-09-09 1031 445680000 445684499
2026-09-09 1031 445675500 445679999
2026-09-09 1031 445671000 445675499
2026-09-09 1031 445666500 445670999
2026-09-09 1031 445662000 445666499
2026-09-09 1031 445657500 445661999
2026-09-09 1031 445653000 445657499
2026-09-09 1031 445648500 445652999
2026-09-09 1031 445644000 445648499
2026-09-09 1031 445639500 445643999
2026-09-09 1031 445635000 445639499
2026-09-09 1031 445630500 445634999
2026-09-09 1031 445626000 445630499
2026-09-09 1031 445621500 445625999
2026-09-09 1031 445617000 445621499
2026-09-09 1031 445612500 445616999
2026-09-09 1031 445608000 445612499
2026-09-09 1031 445603500 445607999
2026-09-09 1031 445599000 445603499
2026-09-09 1031 445594500 445598999
2026-09-09 1031 445590000 445594499
2026-09-09 1031 445585500 445589999
2026-09-09 1031 445581000 445585499
2026-09-09 1031 445576500 445580999
2026-09-09 1031 445572000 445576499
2026-09-09 1031 445567500 445571999
2026-09-09 1031 445563000 445567499
2026-09-09 1031 445558500 445562999
2026-09-09 1031 445554000 445558499
2026-09-09 1031 445549500 445553999
2026-09-09 1031 445545000 445549499
2026-09-09 1031 445540500 445544999
2026-09-09 1031 445536000 445540499
2026-09-09 1031 445531500 445535999
2026-09-09 1031 445527000 445531499
2026-09-09 1031 445522500 445526999
2026-09-09 1031 445518000 445522499
2026-09-09 1031 445513500 445517999
2026-09-09 1031 445509000 445513499
2026-09-09 1031 445504500 445508999
2026-09-09 1031 445500000 445504499
2026-09-09 1031 445495500 445499999
2026-09-09 1031 445491000 445495499
2026-09-09 1031 445486500 445490999
2026-09-09 1031 445482000 445486499
2026-09-09 1031 445477500 445481999
2026-09-09 1031 445473000 445477499
2026-09-09 1031 445468500 445472999
2026-09-08 1031 445464000 445468499
2026-09-08 1031 445459500 445463999
2026-09-08 1031 445455000 445459499
2026-09-08 1031 445450500 445454999
2026-09-08 1031 445446000 445450499
2026-09-08 1031 445441500 445445999
2026-09-08 1031 445437000 445441499
2026-09-08 1031 445432500 445436999
2026-09-08 1031 445428000 445432499
2026-09-08 1031 445423500 445427999
2026-09-08 1031 445419000 445423499
2026-09-08 1031 445414500 445418999
2026-09-08 1031 445410000 445414499
2026-09-08 1031 445405500 445409999
2026-09-08 1031 445401000 445405499
2026-09-08 1031 445396500 445400999
2026-09-08 1031 445392000 445396499
2026-09-08 1030 445387500 445391999
2026-09-08 1030 445383000 445387499
2026-09-08 1030 445378500 445382999
2026-09-08 1030 445374000 445378499
2026-09-08 1030 445369500 445373999
2026-09-08 1030 445365000 445369499
2026-09-08 1030 445360500 445364999
2026-09-08 1030 445356000 445360499
2026-09-08 1030 445351500 445355999
2026-09-08 1030 445347000 445351499
2026-09-08 1030 445342500 445346999
2026-09-08 1030 445338000 445342499
2026-09-08 1030 445333500 445337999
2026-09-08 1030 445329000 445333499
2026-09-08 1030 445324500 445328999
2026-09-08 1030 445320000 445324499
2026-09-08 1030 445315500 445319999
2026-09-08 1030 445311000 445315499
2026-09-08 1030 445306500 445310999
2026-09-08 1030 445302000 445306499
2026-09-08 1030 445297500 445301999
2026-09-08 1030 445293000 445297499
2026-09-08 1030 445288500 445292999
2026-09-08 1030 445284000 445288499
2026-09-08 1030 445279500 445283999
2026-09-08 1030 445275000 445279499
2026-09-08 1030 445270500 445274999
2026-09-08 1030 445266000 445270499
2026-09-08 1030 445261500 445265999
2026-09-08 1030 445257000 445261499
2026-09-08 1030 445252500 445256999
2026-09-08 1030 445248000 445252499
2026-09-08 1030 445243500 445247999
2026-09-08 1030 445239000 445243499
2026-09-08 1030 445234500 445238999
2026-09-08 1030 445230000 445234499
2026-09-08 1030 445225500 445229999
2026-09-08 1030 445221000 445225499
2026-09-08 1030 445216500 445220999
2026-09-08 1030 445212000 445216499
2026-09-08 1030 445207500 445211999
2026-09-08 1030 445203000 445207499
2026-09-08 1030 445198500 445202999
2026-09-08 1030 445194000 445198499
2026-09-07 1030 445189500 445193999
2026-09-07 1030 445185000 445189499
2026-09-07 1030 445180500 445184999
2026-09-07 1030 445176000 445180499
2026-09-07 1030 445171500 445175999
2026-09-07 1030 445167000 445171499
2026-09-07 1030 445162500 445166999
2026-09-07 1030 445158000 445162499
2026-09-07 1030 445153500 445157999
2026-09-07 1030 445149000 445153499
2026-09-07 1030 445144500 445148999
2026-09-07 1030 445140000 445144499
2026-09-07 1030 445135500 445139999
2026-09-07 1030 445131000 445135499
2026-09-07 1030 445126500 445130999
2026-09-07 1030 445122000 445126499
2026-09-07 1030 445117500 445121999
2026-09-07 1030 445113000 445117499
2026-09-07 1030 445108500 445112999
2026-09-07 1030 445104000 445108499
2026-09-07 1030 445099500 445103999
2026-09-07 1030 445095000 445099499
2026-09-07 1030 445090500 445094999
2026-09-07 1030 445086000 445090499
2026-09-07 1030 445081500 445085999
2026-09-07 1030 445077000 445081499
2026-09-07 1030 445072500 445076999
2026-09-07 1030 445068000 445072499
2026-09-07 1030 445063500 445067999
2026-09-07 1030 445059000 445063499
2026-09-07 1030 445054500 445058999
2026-09-07 1030 445050000 445054499
2026-09-07 1030 445045500 445049999
2026-09-07 1030 445041000 445045499
2026-09-07 1030 445036500 445040999
2026-09-07 1030 445032000 445036499
2026-09-07 1030 445027500 445031999
2026-09-07 1030 445023000 445027499
2026-09-07 1030 445018500 445022999
2026-09-07 1030 445014000 445018499
2026-09-07 1030 445009500 445013999
2026-09-07 1030 445005000 445009499
2026-09-07 1030 445000500 445004999
2026-09-07 1030 444996000 445000499
2026-09-07 1030 444991500 444995999
2026-09-07 1030 444987000 444991499
2026-09-07 1030 444982500 444986999
2026-09-07 1030 444978000 444982499
2026-09-07 1030 444973500 444977999
2026-09-07 1030 444969000 444973499
2026-09-07 1030 444964500 444968999
2026-09-07 1030 444960000 444964499
2026-09-07 1029 444955500 444959999
2026-09-07 1029 444951000 444955499
2026-09-07 1029 444946500 444950999
2026-09-07 1029 444942000 444946499
2026-09-07 1029 444937500 444941999
2026-09-07 1029 444933000 444937499
2026-09-07 1029 444928500 444932999
2026-09-07 1029 444924000 444928499
2026-09-07 1029 444919500 444923999
