2026-09-06 1029 444915000 444919499
2026-09-06 1029 444910500 444914999
2026-09-06 1029 444906000 444910499
2026-09-06 1029 444901500 444905999
2026-09-06 1029 444897000 444901499
2026-09-06 1029 444892500 444896999
2026-09-06 1029 444888000 444892499
2026-09-06 1029 444883500 444887999
2026-09-06 1029 444879000 444883499
2026-09-06 1029 444874500 444878999
2026-09-06 1029 444870000 444874499
2026-09-06 1029 444865500 444869999
2026-09-06 1029 444861000 444865499
2026-09-06 1029 444856500 444860999
2026-09-06 1029 444852000 444856499
2026-09-06 1029 444847500 444851999
2026-09-06 1029 444843000 444847499
2026-09-06 1029 444838500 444842999
2026-09-06 1029 444834000 444838499
2026-09-06 1029 444829500 444833999
2026-09-06 1029 444825000 444829499
2026-09-06 1029 444820500 444824999
2026-09-06 1029 444816000 444820499
2026-09-06 1029 444811500 444815999
2026-09-06 1029 444807000 444811499
2026-09-06 1029 444802500 444806999
2026-09-06 1029 444798000 444802499
2026-09-06 1029 444793500 444797999
2026-09-06 1029 444789000 444793499
2026-09-06 1029 444784500 444788999
2026-09-06 1029 444780000 444784499
2026-09-06 1029 444775500 444779999
2026-09-06 1029 444771000 444775499
2026-09-06 1029 444766500 444770999
2026-09-06 1029 444762000 444766499
2026-09-06 1029 444757500 444761999
2026-09-06 1029 444753000 444757499
2026-09-06 1029 444748500 444752999
2026-09-06 1029 444744000 444748499
2026-09-06 1029 444739500 444743999
2026-09-06 1029 444735000 444739499
2026-09-06 1029 444730500 444734999
2026-09-06 1029 444726000 444730499
2026-09-06 1029 444721500 444725999
2026-09-06 1029 444717000 444721499
2026-09-06 1029 444712500 444716999
2026-09-06 1029 444708000 444712499
2026-09-06 1029 444703500 444707999
2026-09-06 1029 444699000 444703499
2026-09-06 1029 444694500 444698999
2026-09-06 1029 444690000 444694499
2026-09-06 1029 444685500 444689999
2026-09-06 1029 444681000 444685499
2026-09-06 1029 444676500 444680999
2026-09-06 1029 444672000 444676499
2026-09-06 1029 444667500 444671999
2026-09-06 1029 444663000 444667499
2026-09-06 1029 444658500 444662999
2026-09-06 1029 444654000 444658499
2026-09-06 1029 444649500 444653999
2026-09-05 1029 444645000 444649499
2026-09-05 1029 444640500 444644999
2026-09-05 1029 444636000 444640499
2026-09-05 1029 444631500 444635999
2026-09-05 1029 444627000 444631499
2026-09-05 1029 444622500 444626999
2026-09-05 1029 444618000 444622499
2026-09-05 1029 444613500 444617999
2026-09-05 1029 444609000 444613499
2026-09-05 1029 444604500 444608999
2026-09-05 1029 444600000 444604499
2026-09-05 1029 444595500 444599999
2026-09-05 1029 444591000 444595499
2026-09-05 1029 444586500 444590999
2026-09-05 1029 444582000 444586499
2026-09-05 1029 444577500 444581999
2026-09-05 1029 444573000 444577499
2026-09-05 1029 444568500 444572999
2026-09-05 1029 444564000 444568499
2026-09-05 1029 444559500 444563999
2026-09-05 1029 444555000 444559499
2026-09-05 1029 444550500 444554999
2026-09-05 1029 444546000 444550499
2026-09-05 1029 444541500 444545999
2026-09-05 1029 444537000 444541499
2026-09-05 1029 444532500 444536999
2026-09-05 1029 444528000 444532499
2026-09-05 1028 444523500 444527999
2026-09-05 1028 444519000 444523499
2026-09-05 1028 444514500 444518999
2026-09-05 1028 444510000 444514499
2026-09-05 1028 444505500 444509999
2026-09-05 1028 444501000 444505499
2026-09-05 1028 444496500 444500999
2026-09-05 1028 444492000 444496499
2026-09-05 1028 444487500 444491999
2026-09-05 1028 444483000 444487499
2026-09-05 1028 444478500 444482999
2026-09-05 1028 444474000 444478499
2026-09-05 1028 444469500 444473999
2026-09-05 1028 444465000 444469499
2026-09-05 1028 444460500 444464999
2026-09-05 1028 444456000 444460499
2026-09-05 1028 444451500 444455999
2026-09-05 1028 444447000 444451499
2026-09-05 1028 444442500 444446999
2026-09-05 1028 444438000 444442499
2026-09-05 1028 444433500 444437999
2026-09-05 1028 444429000 444433499
2026-09-05 1028 444424500 444428999
2026-09-05 1028 444420000 444424499
2026-09-05 1028 444415500 444419999
2026-09-05 1028 444411000 444415499
2026-09-05 1028 444406500 444410999
2026-09-05 1028 444402000 444406499
2026-09-05 1028 444397500 444401999
2026-09-05 1028 444393000 444397499
2026-09-05 1028 444388500 444392999
2026-09-05 1028 444384000 444388499
2026-09-05 1028 444379500 444383999
2026-09-05 1028 444375000 444379499
2026-09-04 1028 444370500 444374999
2026-09-04 1028 444366000 444370499
2026-09-04 1028 444361500 444365999
2026-09-04 1028 444357000 444361499
2026-09-04 1028 444352500 444356999
2026-09-04 1028 444348000 444352499
2026-09-04 1028 444343500 444347999
2026-09-04 1028 444339000 444343499
2026-09-04 1028 444334500 444338999
2026-09-04 1028 444330000 444334499
2026-09-04 1028 444325500 444329999
2026-09-04 1028 444321000 444325499
2026-09-04 1028 444316500 444320999
2026-09-04 1028 444312000 444316499
2026-09-04 1028 444307500 444311999
2026-09-04 1028 444303000 444307499
2026-09-04 1028 444298500 444302999
2026-09-04 1028 444294000 444298499
2026-09-04 1028 444289500 444293999
2026-09-04 1028 444285000 444289499
2026-09-04 1028 444280500 444284999
2026-09-04 1028 444276000 444280499
2026-09-04 1028 444271500 444275999
2026-09-04 1028 444267000 444271499
2026-09-04 1028 444262500 444266999
2026-09-04 1028 444258000 444262499
2026-09-04 1028 444253500 444257999
2026-09-04 1028 444249000 444253499
2026-09-04 1028 444244500 444248999
2026-09-04 1028 444240000 444244499
2026-09-04 1028 444235500 444239999
2026-09-04 1028 444231000 444235499
2026-09-04 1028 444226500 444230999
2026-09-04 1028 444222000 444226499
2026-09-04 1028 444217500 444221999
2026-09-04 1028 444213000 444217499
2026-09-04 1028 444208500 444212999
2026-09-04 1028 444204000 444208499
2026-09-04 1028 444199500 444203999
2026-09-04 1028 444195000 444199499
2026-09-04 1028 444190500 444194999
2026-09-04 1028 444186000 444190499
2026-09-04 1028 444181500 444185999
2026-09-04 1028 444177000 444181499
2026-09-04 1028 444172500 444176999
2026-09-04 1028 444168000 444172499
2026-09-04 1028 444163500 444167999
2026-09-04 1028 444159000 444163499
2026-09-04 1028 444154500 444158999
2026-09-04 1028 444150000 444154499
2026-09-04 1028 444145500 444149999
2026-09-04 1028 444141000 444145499
2026-09-04 1028 444136500 444140999
2026-09-04 1028 444132000 444136499
2026-09-04 1028 444127500 444131999
2026-09-04 1028 444123000 444127499
2026-09-04 1028 444118500 444122999
2026-09-04 1028 444114000 444118499
2026-09-04 1028 444109500 444113999
2026-09-04 1028 444105000 444109499
2026-09-04 1028 444100500 444104999
2026-09-03 1028 444096000 444100499
2026-09-03 1027 444091500 444095999
2026-09-03 1027 444087000 444091499
2026-09-03 1027 444082500 444086999
2026-09-03 1027 444078000 444082499
2026-09-03 1027 444073500 444077999
2026-09-03 1027 444069000 444073499
2026-09-03 1027 444064500 444068999
2026-09-03 1027 444060000 444064499
2026-09-03 1027 444055500 444059999
2026-09-03 1027 444051000 444055499
2026-09-03 1027 444046500 444050999
2026-09-03 1027 444042000 444046499
2026-09-03 1027 444037500 444041999
2026-09-03 1027 444033000 444037499
2026-09-03 1027 444028500 444032999
2026-09-03 1027 444024000 444028499
2026-09-03 1027 444019500 444023999
2026-09-03 1027 444015000 444019499
2026-09-03 1027 444010500 444014999
2026-09-03 1027 444006000 444010499
2026-09-03 1027 444001500 444005999
2026-09-03 1027 443997000 444001499
2026-09-03 1027 443992500 443996999
2026-09-03 1027 443988000 443992499
2026-09-03 1027 443983500 443987999
2026-09-03 1027 443979000 443983499
2026-09-03 1027 443974500 443978999
2026-09-03 1027 443970000 443974499
2026-09-03 1027 443965500 443969999
2026-09-03 1027 443961000 443965499
2026-09-03 1027 443956500 443960999
2026-09-03 1027 443952000 443956499
2026-09-03 1027 443947500 443951999
2026-09-03 1027 443943000 443947499
2026-09-03 1027 443938500 443942999
2026-09-03 1027 443934000 443938499
2026-09-03 1027 443929500 443933999
2026-09-03 1027 443925000 443929499
2026-09-03 1027 443920500 443924999
2026-09-03 1027 443916000 443920499
2026-09-03 1027 443911500 443915999
2026-09-03 1027 443907000 443911499
2026-09-03 1027 443902500 443906999
2026-09-03 1027 443898000 443902499
2026-09-03 1027 443893500 443897999
2026-09-03 1027 443889000 443893499
2026-09-03 1027 443884500 443888999
2026-09-03 1027 443880000 443884499
2026-09-03 1027 443875500 443879999
2026-09-03 1027 443871000 443875499
2026-09-03 1027 443866500 443870999
2026-09-03 1027 443862000 443866499
2026-09-03 1027 443857500 443861999
2026-09-03 1027 443853000 443857499
2026-09-03 1027 443848500 443852999
2026-09-03 1027 443844000 443848499
2026-09-03 1027 443839500 443843999
2026-09-03 1027 443835000 443839499
2026-09-03 1027 443830500 443834999
2026-09-03 1027 443826000 443830499
2026-09-02 1027 443821500 443825999
2026-09-02 1027 443817000 443821499
2026-09-02 1027 443812500 443816999
2026-09-02 1027 443808000 443812499
2026-09-02 1027 443803500 443807999
2026-09-02 1027 443799000 443803499
2026-09-02 1027 443794500 443798999
2026-09-02 1027 443790000 443794499
2026-09-02 1027 443785500 443789999
2026-09-02 1027 443781000 443785499
2026-09-02 1027 443776500 443780999
2026-09-02 1027 443772000 443776499
2026-09-02 1027 443767500 443771999
2026-09-02 1027 443763000 443767499
2026-09-02 1027 443758500 443762999
2026-09-02 1027 443754000 443758499
2026-09-02 1027 443749500 443753999
2026-09-02 1027 443745000 443749499
2026-09-02 1027 443740500 443744999
2026-09-02 1027 443736000 443740499
2026-09-02 1027 443731500 443735999
2026-09-02 1027 443727000 443731499
2026-09-02 1027 443722500 443726999
2026-09-02 1027 443718000 443722499
2026-09-02 1027 443713500 443717999
2026-09-02 1027 443709000 443713499
2026-09-02 1027 443704500 443708999
2026-09-02 1027 443700000 443704499
2026-09-02 1027 443695500 443699999
2026-09-02 1027 443691000 443695499
2026-09-02 1027 443686500 443690999
2026-09-02 1027 443682000 443686499
2026-09-02 1027 443677500 443681999
2026-09-02 1027 443673000 443677499
2026-09-02 1027 443668500 443672999
2026-09-02 1027 443664000 443668499
2026-09-02 1026 443659500 443663999
2026-09-02 1026 443655000 443659499
2026-09-02 1026 443650500 443654999
2026-09-02 1026 443646000 443650499
2026-09-02 1026 443641500 443645999
2026-09-02 1026 443637000 443641499
2026-09-02 1026 443632500 443636999
2026-09-02 1026 443628000 443632499
2026-09-02 1026 443623500 443627999
2026-09-02 1026 443619000 443623499
2026-09-02 1026 443614500 443618999
2026-09-02 1026 443610000 443614499
2026-09-02 1026 443605500 443609999
2026-09-02 1026 443601000 443605499
2026-09-02 1026 443596500 443600999
2026-09-02 1026 443592000 443596499
2026-09-02 1026 443587500 443591999
2026-09-02 1026 443583000 443587499
2026-09-02 1026 443578500 443582999
2026-09-02 1026 443574000 443578499
2026-09-02 1026 443569500 443573999
2026-09-02 1026 443565000 443569499
2026-09-02 1026 443560500 443564999
2026-09-02 1026 443556000 443560499
2026-09-02 1026 443551500 443555999
